1
100 144 1000 374 1000
1 8 2 1
2 5 6 1 3284 1 1 10 1 2 9 9 3
1 1 1 0
1 6 1 1
1 4 6 1 1790 1 1 4 7 10 5 9 4
1 4 1 1
3 5 7 1 5831 1 1 2 8 6 3 6 7
1 3 1 1
1 5 7 1 6859 1 1 9 7 2 2 4 10
1 0 0 0
0
0
0
0
0
0
0
1 4 1 0
1 2 1 1
2 4 7 1 1978 1 1 4 6 8 4 7 7
1 1 1 0
1 0 0 0
0
0
0
0
0
0
0
0
0
0
0
0
0
0
0
0
0
0
0
0
0
0
0
0
0
0
0
0
0
0
0
0
0
0
0
0
0
0
0
0
0
0
0
0
0
0
0
0
0
0
0
0
0
0
0
0
0
0
0
0
0
0
0
0
0
0
0
0
0
0
0
0
0
0
0
0
0
0
0
0
0
0
0
0
0
0
0
0
0
0
0
0
0
0
0
0
0
0
0
0
0
0
0
0
0
0
0
0
0
0
0
0
0
0
0
0
0
0
0
