1
120 1000 779 858 1000
1 8 2 2
1 4 7 1 2105 1 1 10 3 2 10 10 7
2 5 7 1 1721 1 1 9 7 9 5 9 10
1 6 1 1
1 5 7 1 2840 1 1 4 1 6 10 5 8
1 4 1 1
3 4 7 1 8275 1 1 8 7 5 3 9 5
1 1 1 0
1 2 1 1
3 5 6 1 4993 1 1 10 10 5 3 4 5
1 0 0 0
0
1 1 3 0
1 5 1 0
1 3 1 1
3 5 7 1 2133 1 1 6 2 5 5 5 7
1 1 1 0
1 0 0 0
0
0
0
0
0
0
0
0
0
0
0
0
0
1 7 1 1
3 5 6 1 1785 1 1 5 1 3 10 7 5
1 0 0 0
0
0
0
0
0
0
0
0
0
0
0
0
0
0
0
0
0
0
0
0
0
0
0
0
0
0
0
0
0
0
0
0
0
0
0
0
0
0
0
0
0
0
0
0
0
0
0
0
0
0
0
0
0
0
0
0
0
0
0
0
0
0
0
0
0
0
0
0
0
0
0
0
0
0
0
0
0
0
0
0
0
0
0
0
0
0
0
0
0
0
0
0
0
0
0
0
0
0
0
0
0
0
